,MOUSE_NAME,TIME_minutes,AVG_VEL_PIXELS/s),VISIT_LATENCY_ISO_s,VISIT_LATENCY_EMPTY_s
0,Session1_1,5,40.2,76.2,44.8
1,Session1_1,10,27.2,35.1,7.2
2,Session1_1,15,28.7,124.2,53.5
3,Session1_1,20,25.4,14.9,85.8
0,Session1_2,5,51.5,47.1,21.4
1,Session1_2,10,44.5,26.1,9.4
2,Session1_2,15,47,8,25.8
3,Session1_2,20,45.5,14.4,57.8
0,Session1_3,5,69,0.8,7.6
1,Session1_3,10,74.6,5.1,10.1
2,Session1_3,15,85.3,28,10
3,Session1_3,20,67.9,17.3,9.1
0,Session1_4,5,52.6,2.4,13.7
1,Session1_4,10,77.6,12.9,12.2
2,Session1_4,15,73.3,1.1,10.3
3,Session1_4,20,59.6,15.6,21.4
0,Session2_1,5,50.1,9.4,4.2
1,Session2_1,10,37.1,6.9,31.8
2,Session2_1,15,41,24.5,9.3
3,Session2_1,20,39.6,39.2,8.5
0,Session2_2,5,52.1,13.9,21.3
1,Session2_2,10,49.8,1,25
2,Session2_2,15,49.9,23.2,35.2
3,Session2_2,20,51,20,39.3
0,Session2_3,5,52.6,80.2,48.4
1,Session2_3,10,64,19.5,7.4
2,Session2_3,15,57.8,2.6,51.7
3,Session2_3,20,68.3,9.1,3.3
0,Session2_4,5,50.5,6,13.2
1,Session2_4,10,58.6,0,15.4
2,Session2_4,15,52.2,0,0
3,Session2_4,20,57,0,0
